mass 4.23321273059351e+24
radius 6000000.0
rotationPeriod 36000.0
navballSwitchAltitude 360000.0
atmosphere true
atmosphereMolarMass 0.0022
atmosphereLimit 200000.0

pressureCurve
 0.0 5066.25 0.0 -0.6723968
 10000.0 1519.875 -0.1346587 -0.1346587
 29000.0 628.0436 -0.01449255 -0.01449255
 123450.0 22.26 -0.001562163 -0.001562163
 150000.0 2.0 -0.0001361465 -0.0001361465
 170000.0 0.1 -1.001277e-05 -1.001277e-05
 200000.0 0.0 0.0 0.0

temperatureCurve
 0.0 200.0 0.0 -0.001182922
 29000.0 165.0 -0.001207278 -0.001207278
 123450.0 120.0 0.0 0.0
 168000.0 160.0 0.0009967944 0.0009967944
 187500.0 175.0 0.0 0.0
 194000.0 167.0 0.0 0.0
 200000.0 350.0 0.08717471 0.0