mass 1.2243980038014e+23
radius 700000.0
rotationPeriod 80500.0
navballSwitchAltitude 42000.0
atmosphere true
atmosphereMolarMass 0.0430000014603138
atmosphereLimit 90000.0

pressureCurve
 0.0 506.625 0.0 -0.04423852
 15000.0 95.6891 -0.01304926 -0.01304926
 25000.0 18.07334 -0.003012223 -0.003012223
 40000.0 3.5 -0.0005689354 -0.0005689354
 50000.0 0.1217772 -2.02962e-05 -2.02962e-05
 60000.0 0.02300074 -3.8335e-06 -3.8335e-06
 70000.0 0.004344278 -7.24e-07 -7.24e-07
 80000.0 0.0008205283 -1.368e-07 -1.368e-07
 90000.0 0.0 -2.58e-08 0.0

temperatureCurve
 0.0 420.0 0.0 -0.01029338
 15000.0 280.0 -0.004705439 -0.004705439
 50000.0 180.0 0.0 0.0
 60000.0 190.0 0.0 0.0
 70000.0 160.0 0.0 0.0
 90000.0 250.0 0.005894589 0.0