mass 1.1754908541701627e+22
radius 400000.0
rotationPeriod 21600.0
navballSwitchAltitude 24000.0
atmosphere true
atmosphereMolarMass 0.04317
atmosphereLimit 75000.0

pressureCurve
 0.0 12.159 0.0 -0.00120417
 5693.0 6.83751 -0.00070879 -0.00070879
 11155.0 3.84501 -0.00041678 -0.00041678
 16400.0 2.16221 -0.000244779 -0.000244779
 21443.0 1.2159 -0.000143562 -0.000143562
 26298.0 0.683751 -8.40649e-05 -8.40649e-05
 30980.0 0.384501 -4.91372e-05 -4.91372e-05
 35502.0 0.216221 -2.86639e-05 -2.86639e-05
 39879.0 0.12159 -1.66839e-05 -1.66839e-05
 44126.0 0.0683751 -9.68742e-06 -9.68742e-06
 48255.0 0.0384501 -5.61021e-06 -5.61021e-06
 52281.0 0.0216221 -3.23989e-06 -3.23989e-06
 56218.0 0.012159 -1.86546e-06 -1.86546e-06
 60082.0 0.00683751 -1.06873e-06 -1.06873e-06
 63888.0 0.00384501 -6.11189e-07 -6.11189e-07
 67641.0 0.00216221 -3.49323e-07 -3.49323e-07
 71344.0 0.0012159 -1.99514e-07 -1.99514e-07
 75000.0 0.0 0.0 0.0

temperatureCurve
 0.0 313.0 0.0 -0.000175654
 5693.0 312.0 -0.000175654 -0.000366166
 11155.0 310.0 -0.000366166 -0.000762631
 16400.0 306.0 -0.000762631 -0.00138806
 21443.0 299.0 -0.00138806 -0.00205973
 26298.0 289.0 -0.00205973 -0.00256301
 30980.0 277.0 -0.00256301 -0.00243255
 35502.0 266.0 -0.00243255 -0.00228467
 39879.0 256.0 -0.00228467 -0.0023546
 44126.0 246.0 -0.0023546 -0.0021797
 48255.0 237.0 -0.0021797 -0.00198708
 52281.0 229.0 -0.00198708 -0.002032
 56218.0 221.0 -0.002032 -0.0015528
 60082.0 215.0 -0.0015528 -0.00131372
 63888.0 210.0 -0.00131372 -0.00133227
 67641.0 205.0 -0.00133227 -0.00108021
 71344.0 201.0 -0.00108021 -0.000820569
 75000.0 198.0 -0.000820569 0.0