mass 5.972365261370795e+24
radius 6371000.0
rotationPeriod 86164.098903691
navballSwitchAltitude 101999.9998805
atmosphere true
atmosphereMolarMass 0.0289644
atmosphereLimit 140000.0

pressureCurve
 0.0 101.325 0.0 -0.0119729
 1000.0 89.9537 -0.0107923 -0.0107923
 2000.0 79.7013 -0.00972759 -0.00972759
 3000.0 70.4691 -0.00875313 -0.00875313
 4000.0 62.162 -0.00787633 -0.00787633
 5000.0 54.6886 -0.00708329 -0.00708329
 6000.0 47.9719 -0.00636074 -0.00636074
 7000.0 41.947 -0.00569867 -0.00569867
 8000.0 36.5555 -0.00509376 -0.00509376
 9000.0 31.7428 -0.00453892 -0.00453892
 10000.0 27.4635 -0.00402664 -0.00402664
 12000.0 20.3407 -0.00312205 -0.00312205
 14000.0 14.8739 -0.00236992 -0.00236992
 16000.0 10.7657 -0.00175875 -0.00175875
 18000.0 7.76098 -0.00126703 -0.00126703
 20000.0 5.61289 -0.000901159 -0.000901159
 22000.0 4.08419 -0.00064311 -0.00064311
 24000.0 2.98894 -0.000462653 -0.000462653
 26000.0 2.19866 -0.000334849 -0.000334849
 28000.0 1.62536 -0.000243495 -0.000243495
 30000.0 1.20769 -0.000177736 -0.000177736
 35000.0 0.588602 -8.25983e-05 -8.25983e-05
 40000.0 0.296819 -3.96388e-05 -3.96388e-05
 45000.0 0.154692 -1.97099e-05 -1.97099e-05
 50000.0 0.0825035 -1.03082e-05 -1.03082e-05
 55000.0 0.0438832 -5.63677e-06 -5.63677e-06
 60000.0 0.0227005 -3.07935e-06 -3.07935e-06
 65000.0 0.0112807 -1.62592e-06 -1.62592e-06
 70000.0 0.00536204 -8.22892e-07 -8.22892e-07
 75000.0 0.00243557 -3.94225e-07 -3.94225e-07
 80000.0 0.0010671 -1.78982e-07 -1.78982e-07
 85000.0 0.000456872 -7.82929e-08 -7.82929e-08
 90000.0 0.000192739 -3.34218e-08 -3.34218e-08
 95000.0 8.12137e-05 -1.38889e-08 -1.38889e-08
 100000.0 3.52962e-05 -5.69392e-09 -5.69392e-09
 105000.0 1.6273e-05 -2.40474e-09 -2.40474e-09
 110000.0 8.14091e-06 -1.04206e-09 -1.04206e-09
 115000.0 4.55287e-06 -4.76718e-10 -4.76718e-10
 121920.0 2.40103e-06 -1.98682e-10 -1.98682e-10
 140000.0 0.0 0.0 0.0

temperatureCurve
 0.0 282.5 0.0 -0.0025
 8000.0 240.5 -0.006 -0.006
 15000.0 212.0 -0.0025 -0.0025
 21000.0 214.0 0.0015 0.0015
 30000.0 228.0 0.002 0.002
 42000.0 255.5 0.0025 0.0025
 49750.0 268.0 0.0 0.0
 60000.0 247.5 -0.003 -0.003
 75000.0 209.0 -0.002 -0.002
 91000.0 191.75 0.0 0.0
 100000.0 206.0 0.003 0.003
 110000.0 256.0 0.009 0.009
 120000.0 375.0 0.011 0.011
 140000.0 560.0 0.007 0.0