mass 5.683361227113286e+26
radius 57216000.0
rotationPeriod 38052.0
navballSwitchAltitude 3432960.0
atmosphere true
atmosphereMolarMass 0.0021475
atmosphereLimit 2000000.0

pressureCurve
 0.0 101325.0 0.0 -0.301559
 35000.0 91151.3 -0.279964 -0.279964
 70000.0 81715.9 -0.259364 -0.259364
 105000.0 72984.6 -0.239725 -0.239725
 140000.0 64924.4 -0.221014 -0.221014
 175000.0 57503.2 -0.203199 -0.203199
 210000.0 50690.4 -0.186248 -0.186248
 245000.0 44456.2 -0.170131 -0.170131
 280000.0 38771.9 -0.154818 -0.154818
 320000.0 32913.4 -0.138268 -0.138268
 360000.0 27697.4 -0.122694 -0.122694
 400000.0 23085.4 -0.10806 -0.10806
 440000.0 19040.5 -0.0943356 -0.0943356
 480000.0 15526.7 -0.0815006 -0.0815006
 520000.0 12508.7 -0.0695455 -0.0695455
 560000.0 9951.21 -0.0584796 -0.0584796
 600000.0 7814.81 -0.0485666 -0.0485666
 640000.0 6048.67 -0.0399446 -0.0399446
 680000.0 4603.68 -0.0324897 -0.0324897
 720000.0 3435.48 -0.0260864 -0.0260864
 760000.0 2504.17 -0.020628 -0.020628
 800000.0 1773.96 -0.0160153 -0.0160153
 840000.0 1212.89 -0.0121569 -0.0121569
 880000.0 792.483 -0.00896836 -0.00896836
 920000.0 487.529 -0.00637189 -0.00637189
 960000.0 275.794 -0.00429559 -0.00429559
 1000000.0 137.98 -0.00266424 -0.00266424
 1050000.0 44.3027 -0.00118305 -0.00118305
 1110000.0 9.47094 -0.000319062 -0.000319062
 1150000.0 1.83531 -5.52937e-05 -5.52937e-05
 1200000.0 0.481647 -1.16217e-05 -1.16217e-05
 1250000.0 0.155475 -3.3438e-06 -3.3438e-06
 1300000.0 0.054303 -1.12563e-06 -1.12563e-06
 1350000.0 0.0194449 -3.96502e-07 -3.96502e-07
 1400000.0 0.00704535 -1.42603e-07 -1.42603e-07
 1450000.0 0.00256477 -5.17787e-08 -5.17787e-08
 1500000.0 0.00093548 -1.88538e-08 -1.88538e-08
 1550000.0 0.000341795 -6.87686e-09 -6.87686e-09
 1600000.0 0.000125095 -2.51262e-09 -2.51262e-09
 1700000.0 1.68428e-05 -3.37148e-10 -3.37148e-10
 1800000.0 2.59611e-06 -4.11185e-11 -4.11185e-11
 1900000.0 7.56394e-07 -7.27569e-12 -7.27569e-12
 2000000.0 0.0 0.0 0.0

temperatureCurve
 0.0 1005.6 0.0 -0.000922
 125000.0 889.0 -0.000942 -0.000942
 250000.0 770.6 -0.000948 -0.000948
 375000.0 653.3 -0.000919 -0.000919
 500000.0 544.3 -0.000802 -0.000802
 600000.0 471.6 -0.000703 -0.000703
 700000.0 399.4 -0.000744 -0.000744
 800000.0 322.4 -0.000798 -0.000798
 900000.0 239.3 -0.000868 -0.000868
 1000000.0 149.7 -0.000891 -0.000891
 1075000.0 92.3 -0.000477 -0.000477
 1111500.0 85.0 0.0 0.0
 1150000.0 95.5 0.000496 0.000496
 1200000.0 119.0 0.000386 0.000386
 1250000.0 133.3 0.00018 0.00018
 1300000.0 138.0 5.8e-05 5.8e-05
 1350000.0 140.1 2.6e-05 2.6e-05
 1440000.0 141.0 0.0 0.0
 1692000.0 141.0 0.0 0.0
 1750000.0 147.2 0.000327 0.000327
 1800000.0 177.6 0.000878 0.000878
 1850000.0 231.3 0.001228 0.001228
 1900000.0 291.4 0.001 0.001
 1950000.0 332.4 0.00067 0.00067
 2000000.0 360.7 0.000478 0.0