mass 1.988e+30
radius 696342000
rotationPeriod 2114208 //Not an actual value from RSS config
navballSwitchAltitude 41780520
atmosphere true
atmosphereMolarMass 0.00219999998807907
atmosphereLimit 600000.0

pressureCurve
 0.0 16.0 0.0 0.0
 5000.0 8.3 -0.001532 -0.001532
 10000.0 0.68 -0.001178053 -0.001178053
 10753.09 0.300954 -2.96097e-05 -2.96097e-05
 14194.01 0.2613179 -8.41565e-07 -8.41565e-07
 350000.0 0.1 -7.49481e-07 -7.49481e-07
 400000.0 0.04 -7.05211e-07 -7.05211e-07
 590000.0 2e-05 -6.21053e-09 -6.21053e-09
 600000.0 0.0 0.0 0.0

temperatureCurve
 0.0 5840.0 0.0 -0.2780258
 10000.0 4465.0 -0.01447884 -0.01447884
 50000.0 4000.0 -0.007179292 0.003853968
 250000.0 5800.0 0.0009989792 0.0009989792
 500000.0 6000.0 0.001352723 0.001352723
 600000.0 10000.0 0.06371323 0.0