mass 1.3029718219752756e+22
radius 1187000.0
rotationPeriod 551856.672
navballSwitchAltitude 71220.0
atmosphere true
atmosphereMolarMass 0.02797
atmosphereLimit 110000.0

pressureCurve
 0.0 0.001 0.0 -4.94296e-08
 2000.0 0.000905994 -4.43577e-08 -4.43577e-08
 4000.0 0.000823118 -3.84624e-08 -3.84624e-08
 6000.0 0.000752101 -3.26203e-08 -3.26203e-08
 8000.0 0.000692231 -2.73754e-08 -2.73754e-08
 10000.0 0.000642053 -2.29428e-08 -2.29428e-08
 12000.0 0.000599901 -1.93437e-08 -1.93437e-08
 15000.0 0.000548315 -1.52843e-08 -1.52843e-08
 20000.0 0.000483599 -1.10179e-08 -1.10179e-08
 25000.0 0.000435 -8.65802e-09 -8.65802e-09
 30000.0 0.000395132 -7.44503e-09 -7.44503e-09
 40000.0 0.000327722 -6.09164e-09 -6.09164e-09
 50000.0 0.000272362 -5.0208e-09 -5.0208e-09
 60000.0 0.000226604 -4.16126e-09 -4.16126e-09
 75000.0 0.000172051 -3.16227e-09 -3.16227e-09
 90000.0 0.000130489 -2.41401e-09 -2.41401e-09
 102000.0 0.000104428 -1.94603e-09 -1.94603e-09
 110000.0 0.0 0.0 0.0

temperatureCurve
 0.0 40.5 0.0 0.0
 30000.0 105.0 0.0 0.0
 110000.0 93.0 -0.0002 0.0