mass 2.139018622379465e+22
radius 1353400.0
rotationPeriod 507773.0
navballSwitchAltitude 81204.0
atmosphere true
atmosphereMolarMass 0.02801
atmosphereLimit 110000.0

pressureCurve
 0.0 0.00165 0.0 -1.11539e-07
 2000.0 0.00143845 -1.00036e-07 -1.00036e-07
 4000.0 0.0012497 -8.87642e-08 -8.87642e-08
 6000.0 0.00108313 -7.78938e-08 -7.78938e-08
 8000.0 0.000937741 -6.76042e-08 -6.76042e-08
 10000.0 0.000812005 -5.83568e-08 -5.83568e-08
 12000.0 0.000703469 -5.03759e-08 -5.03759e-08
 15000.0 0.000567837 -4.04135e-08 -4.04135e-08
 20000.0 0.000398652 -2.80251e-08 -2.80251e-08
 25000.0 0.000281212 -1.94787e-08 -1.94787e-08
 30000.0 0.000199469 -1.35817e-08 -1.35817e-08
 40000.0 0.000102311 -6.68765e-09 -6.68765e-09
 50000.0 5.4032e-05 -3.36465e-09 -3.36465e-09
 60000.0 2.94696e-05 -1.73705e-09 -1.73705e-09
 75000.0 1.26524e-05 -6.80449e-10 -6.80449e-10
 90000.0 5.86825e-06 -2.85739e-10 -2.85739e-10
 103000.0 3.20278e-06 -1.42561e-10 -1.42561e-10
 110000.0 0.0 0.0 0.0

temperatureCurve
 0.0 37.0 0.0 -0.0003
 8000.0 36.0 0.0 0.0
 110000.0 53.0 0.0003 0.0