mass 4.51542702477492e+21
radius 320000.0
rotationPeriod 65517.859375
navballSwitchAltitude 19200.0
atmosphere true
atmosphereMolarMass 0.0430000014603138
atmosphereLimit 50000.0

pressureCurve
 0.0 6.755 0.0 -0.0007
 12000.0 1.276 -0.000223 -0.000223
 20000.0 0.241 -4.22e-05 -4.22e-05
 35000.0 0.015 -2.787075e-06 -2.787075e-06
 50000.0 0.0 0.0 0.0

temperatureCurve
 0.0 233.0 0.0 -0.0004261126
 1000.0 232.8 -0.000573325 -0.000573325
 25000.0 153.7 -0.001877083 -0.001877083
 30000.0 150.0 0.0 0.0
 45000.0 150.0 0.0 0.0
 50000.0 160.0 0.003746914 0.0