mass 5.29151583439215e+22
radius 600000.0
rotationPeriod 21549.4251830898
navballSwitchAltitude 36000.0
atmosphere true
atmosphereMolarMass 0.0289644002914429
atmosphereLimit 70000.0

pressureCurve
 0.0 101.325 0.0 -0.01501631
 1241.025 84.02916 -0.01289846 -0.01289826
 2439.593 69.68138 -0.01107876 -0.01107859
 3597.11 57.78001 -0.009515483 -0.009515338
 4714.942 47.90862 -0.00817254 -0.008172415
 5794.409 39.72148 -0.00701892 -0.007018813
 6836.791 32.93169 -0.006027969 -0.006027877
 7843.328 27.30109 -0.005176778 -0.0051767
 8815.22 22.63206 -0.004445662 -0.004445578
 10786.42 15.3684 -0.003016528 -0.00301646
 12101.4 11.87313 -0.002329273 -0.00232922
 13417.05 9.172798 -0.001798594 -0.001798554
 16678.47 4.842261 -0.0009448537 -0.0009448319
 21143.1 2.050097 -0.0003894095 -0.0003894005
 26977.92 0.6905929 -0.0001252565 -0.0001252534
 33593.82 0.2201734 -3.626878e-05 -3.626788e-05
 42081.87 0.05768469 -9.063159e-06 -9.062975e-06
 49312.13 0.01753794 -3.029397e-06 -3.029335e-06
 56669.95 0.004591824 -8.827175e-07 -8.826996e-07
 62300.84 0.001497072 -3.077091e-07 -3.077031e-07
 70000.0 0.0 0.0 0.0

temperatureCurve
 0.0 288.15 0.0 -0.008125
 8815.22 216.65 -0.008096968 0.0
 16050.39 216.65 0.0 0.001242164
 25729.23 228.65 0.001237475 0.003464929
 37879.44 270.65 0.00344855 0.0
 41129.24 270.65 0.0 -0.003444189
 57440.13 214.65 -0.003422425 -0.002444589
 68797.88 186.946 -0.002433851 0.0
 70000.0 186.946 0.0 0.0