mass 2.1228216518684972e+23
radius 2145000.0
rotationPeriod 40250.0
navballSwitchAltitude 128700.0
atmosphere true
atmosphereMolarMass 0.0028
atmosphereLimit 260000.0

pressureCurve
 0.0 607.95 0.0 -0.017518
 20000.0 312.958 -0.0120652 -0.0120652
 40000.0 133.036 -0.00614003 -0.00614003
 60000.0 51.5595 -0.00246703 -0.00246703
 80000.0 19.8192 -0.000953029 -0.000953029
 100000.0 7.40557 -0.000371008 -0.000371008
 120000.0 2.71404 -0.000135342 -0.000135342
 140000.0 1.02383 -4.83295e-05 -4.83295e-05
 160000.0 0.416679 -1.77566e-05 -1.77566e-05
 180000.0 0.184984 -7.20029e-06 -7.20029e-06
 205000.0 0.0716413 -2.67217e-06 -2.67217e-06
 235000.0 0.0237546 -8.6469e-07 -8.6469e-07
 260000.0 0.0 0.0 0.0

temperatureCurve
 0.0 90.0 0.0 -0.00114286
 15750.0 72.0 -0.00114286 -0.00114286
 83250.0 53.0 -0.0001614 -0.0001614
 133750.0 53.0 0.0001614 0.0001614
 189750.0 67.0 8.82e-05 8.82e-05
 260000.0 70.0 0.0 0.0