mass 1.2299777939880853e+24
radius 5300000.0
rotationPeriod 28500.0
navballSwitchAltitude 318000.0
atmosphere true
atmosphereMolarMass 0.0028
atmosphereLimit 580000.0

pressureCurve
 0.0 1418.55 0.0 -0.0208439
 25000.0 967.466 -0.0154391 -0.0154391
 50000.0 637.444 -0.0111328 -0.0111328
 75000.0 403.06 -0.00774693 -0.00774693
 100000.0 244.15 -0.00508921 -0.00508921
 125000.0 142.47 -0.00316247 -0.00316247
 150000.0 80.6814 -0.0018751 -0.0018751
 175000.0 44.6798 -0.00107207 -0.00107207
 200000.0 24.3516 -0.00059738 -0.00059738
 250000.0 7.01858 -0.000176127 -0.000176127
 300000.0 2.00937 -4.98029e-05 -4.98029e-05
 350000.0 0.60296 -1.38321e-05 -1.38321e-05
 400000.0 0.205358 -4.16916e-06 -4.16916e-06
 450000.0 0.0766917 -1.48802e-06 -1.48802e-06
 500000.0 0.0293127 -5.59307e-07 -5.59307e-07
 540000.0 0.013719 -2.59214e-07 -2.59214e-07
 580000.0 0.0 0.0 0.0

temperatureCurve
 0.0 167.5 0.0 -0.000538153
 62250.0 134.0 -0.000538153 -0.000538153
 205000.0 99.0 -7.611e-05 -7.611e-05
 312250.0 99.0 7.611e-05 7.611e-05
 431250.0 124.0 4.16e-05 4.16e-05
 580000.0 128.0 0.0 0.0