mass 2.788363047323376e+21
radius 286000.0
rotationPeriod 306443.0
navballSwitchAltitude 17160.0
atmosphere true
atmosphereMolarMass 0.0289644
atmosphereLimit 35000.0

pressureCurve
 0.0 1.01325 0.0 -0.000136962
 1000.0 0.878903 -0.000131008 -0.000131008
 3000.0 0.637731 -0.000108284 -0.000108284
 6000.0 0.375567 -6.74286e-05 -6.74286e-05
 9000.0 0.219223 -3.94925e-05 -3.94925e-05
 12000.0 0.126168 -2.36747e-05 -2.36747e-05
 15000.0 0.0717707 -1.34045e-05 -1.34045e-05
 20000.0 0.0295354 -4.86204e-06 -4.86204e-06
 25000.0 0.0138243 -1.97004e-06 -1.97004e-06
 30000.0 0.00690498 -9.40162e-07 -9.40162e-07
 35000.0 0.0 0.0 0.0

temperatureCurve
 0.0 73.15 0.0 -0.007975
 9700.0 54.0 -0.001126 -0.001126
 17000.0 54.0 0.001126 0.001126
 25000.0 68.0 0.0008488 0.0008488
 35000.0 71.5 0.0 0.0