mass 1.7896959235770994e+23
radius 2177000.0
rotationPeriod 41000.0
navballSwitchAltitude 130620.0
atmosphere true
atmosphereMolarMass 0.0028
atmosphereLimit 325000.0

pressureCurve
 0.0 709.275 0.0 -0.0158473
 20000.0 431.998 -0.0119297 -0.0119297
 40000.0 233.882 -0.00780685 -0.00780685
 60000.0 115.898 -0.00420901 -0.00420901
 80000.0 55.6211 -0.00204981 -0.00204981
 100000.0 26.5836 -0.000987327 -0.000987327
 120000.0 12.477 -0.000479459 -0.000479459
 140000.0 5.75553 -0.000223053 -0.000223053
 160000.0 2.66831 -0.000101204 -0.000101204
 180000.0 1.27202 -4.57103e-05 -4.57103e-05
 210000.0 0.460358 -1.4681e-05 -1.4681e-05
 240000.0 0.184303 -5.45651e-06 -5.45651e-06
 270000.0 0.0768914 -2.20705e-06 -2.20705e-06
 300000.0 0.0328449 -9.21544e-07 -9.21544e-07
 325000.0 0.0 0.0 0.0

temperatureCurve
 0.0 95.0 0.0 -0.000915663
 20750.0 76.0 -0.000915663 -0.000915663
 104750.0 56.0 -0.0001295 -0.0001295
 167500.0 56.0 0.0001295 0.0001295
 237500.0 70.0 7.079e-05 7.079e-05
 325000.0 74.0 0.0 0.0