mass 3.197335123342843e+22
radius 800000.0
rotationPeriod 50400.0
navballSwitchAltitude 36000.0
atmosphere true
atmosphereMolarMass 0.0424
atmosphereLimit 70000.0

pressureCurve
 0.0 4.053 0.0 -0.000384237
 7000.0 2.04049 -0.000208296 -0.000208296
 13500.0 1.02819 -0.000114208 -0.000114208
 19500.0 0.516235 -6.28919e-05 -6.28919e-05
 25000.0 0.260665 -3.40625e-05 -3.40625e-05
 30000.0 0.135205 -1.86178e-05 -1.86178e-05
 35000.0 0.067941 -9.84162e-06 -9.84162e-06
 40000.0 0.0330047 -5.04456e-06 -5.04456e-06
 44500.0 0.016698 -2.67608e-06 -2.67608e-06
 48500.0 0.00889994 -1.477e-06 -1.477e-06
 53000.0 0.00430206 -7.30626e-07 -7.30626e-07
 57000.0 0.00224283 -3.80762e-07 -3.80762e-07
 61500.0 0.00108666 -1.82153e-07 -1.82153e-07
 65500.0 0.000576994 -9.52278e-08 -9.52278e-08
 70000.0 0.0 0.0 0.0

temperatureCurve
 0.0 204.0 0.0 -0.00231
 11700.0 191.0 -0.000769 -0.000769
 23400.0 175.0 -0.00192 -0.00192
 35100.0 153.0 -0.00192 -0.00192
 56160.0 122.5 0.0 0.0
 70000.0 128.8 0.000801 0.0