mass 7.934563265648599e+21
radius 600000.0
rotationPeriod 28800.0
navballSwitchAltitude 36000.0
atmosphere true
atmosphereMolarMass 0.028
atmosphereLimit 75000.0

pressureCurve
 0.0 2.0265 0.0 -0.000220633
 6000.0 1.05406 -0.00011571 -0.00011571
 12500.0 0.518952 -5.74181e-05 -5.74181e-05
 18500.0 0.269867 -3.00479e-05 -3.00479e-05
 24500.0 0.140446 -1.57231e-05 -1.57231e-05
 31000.0 0.0693239 -7.79962e-06 -7.79962e-06
 37000.0 0.0361968 -4.08802e-06 -4.08802e-06
 43500.0 0.0179503 -2.03405e-06 -2.03405e-06
 49500.0 0.00942185 -1.07022e-06 -1.07022e-06
 56000.0 0.00470321 -5.35292e-07 -5.35292e-07
 62000.0 0.00248549 -2.83253e-07 -2.83253e-07
 68500.0 0.001250723 -1.42667e-07 -1.42667e-07
 75000.0 0.0 0.0 0.0

temperatureCurve
 0.0 57.5 0.0 0.000357
 25900.0 63.0 0.0 0.0
 44800.0 62.0 -6.43e-05 -6.43e-05
 75000.0 60.2 -3.48e-05 0.0