mass 9.893959583193488e+21
radius 670000.0
rotationPeriod 664152.0612830063
navballSwitchAltitude 36850.0
atmosphere true
atmosphereMolarMass 0.0275
atmosphereLimit 180000.0

pressureCurve
 0.0 151.9875 0.0 -0.0132789
 7000.0 80.1347 -0.0077506 -0.0077506
 14000.0 39.6339 -0.004234 -0.004234
 20000.0 20.7731 -0.00232929 -0.00232929
 27000.0 9.66345 -0.0010876 -0.0010876
 33000.0 5.06309 -0.000558096 -0.000558096
 40000.0 2.53634 -0.00023827 -0.00023827
 48000.0 1.32107 -0.00010519 -0.00010519
 58000.0 0.655665 -4.63922e-05 -4.63922e-05
 69000.0 0.327644 -2.15784e-05 -2.15784e-05
 80000.0 0.171706 -1.0764e-05 -1.0764e-05
 93000.0 0.0838089 -5.0088e-06 -5.0088e-06
 106000.0 0.0425893 -2.4505e-06 -2.4505e-06
 120000.0 0.0212911 -1.18724e-06 -1.18724e-06
 134000.0 0.0109589 -5.97179e-07 -5.97179e-07
 149000.0 0.00551873 -2.95567e-07 -2.95567e-07
 164000.0 0.00283735 -1.50372e-07 -1.50372e-07
 180000.0 0.0 0.0 0.0

temperatureCurve
 0.0 90.5 0.0 -0.00115
 21350.0 71.0 0.0 0.0
 33550.0 73.0 0.000574 0.000574
 39650.0 84.5 0.0023 0.0023
 70150.0 122.0 0.000574 0.000574
 122000.0 143.0 0.000246 0.000246
 180000.0 150.0 9.79e-06 0.0