mass 3.7615707333445206e+23
radius 1600000.0
rotationPeriod 43200.0
navballSwitchAltitude 44000.0
atmosphere true
atmosphereMolarMass 0.0289644
atmosphereLimit 80000.0

pressureCurve
 0.0 101.325 0.0 -0.0141672
 5000.0 48.6316 -0.007594 -0.007594
 9000.0 25.0922 -0.00441431 -0.00441431
 13000.0 12.0322 -0.00230518 -0.00230518
 16500.0 6.15292 -0.00117793 -0.00117793
 20000.0 3.19946 -0.000590547 -0.000590547
 24000.0 1.55972 -0.000277004 -0.000277004
 28000.0 0.782867 -0.000133325 -0.000133325
 32500.0 0.373768 -6.05359e-05 -6.05359e-05
 37000.0 0.185352 -2.85393e-05 -2.85393e-05
 41500.0 0.09474 -1.41695e-05 -1.41695e-05
 46000.0 0.0486749 -7.42523e-06 -7.42523e-06
 50500.0 0.0243536 -3.92754e-06 -3.92754e-06
 55000.0 0.0116743 -2.01101e-06 -2.01101e-06
 59000.0 0.00581929 -1.06523e-06 -1.06523e-06
 62500.0 0.00306489 -5.87323e-07 -5.87323e-07
 66500.0 0.00142339 -2.85566e-07 -2.85566e-07
 70000.0 0.000710058 -1.46664e-07 -1.46664e-07
 73500.0 0.000348284 -7.34973e-08 -7.34973e-08
 76500.0 0.000187515 -3.99039e-08 -3.99039e-08
 80000.0 0.0 0.0 0.0

temperatureCurve
 0.0 281.25 0.0 -0.00271
 6800.0 239.75 -0.00706 -0.00706
 10200.0 221.5 -0.004 -0.004
 14450.0 211.0 0.0 0.0
 21250.0 220.0 0.00165 0.00165
 34000.0 250.0 0.00294 0.00294
 42500.0 268.0 0.0 0.0
 51000.0 247.5 -0.00341 -0.00341
 59500.0 220.0 -0.00235 -0.00235
 77350.0 187.5 0.0 0.0
 80000.0 188.2 0.000484 0.0