mass 8.839691223359622e+24
radius 8000000.0
rotationPeriod 25200.0
navballSwitchAltitude 160000.0
atmosphere true
atmosphereMolarMass 0.00242
atmosphereLimit 420000.0

pressureCurve
 0.0 10132.5 0.0 -1.16647
 10000.0 3204.18 -0.368892 -0.368892
 20000.0 1013.25 -0.116655 -0.0211977
 50000.0 508.59 -0.0129836 -0.0129836
 75000.0 251.004 -0.00794 -0.00794
 95000.0 125.655 -0.00481664 -0.00481664
 112500.0 60.9337 -0.00275738 -0.00275738
 127500.0 29.8023 -0.00152037 -0.00152037
 140000.0 15.5209 -0.000843679 -0.000843679
 155000.0 6.87675 -0.000378612 -0.000378612
 167500.0 3.52399 -0.000187987 -0.000187987
 180000.0 1.85916 -9.40816e-05 -9.40816e-05
 195000.0 0.906489 -4.25331e-05 -4.25331e-05
 212500.0 0.420034 -1.80132e-05 -1.80132e-05
 230000.0 0.207329 -8.24813e-06 -8.24813e-06
 247500.0 0.106975 -4.04411e-06 -4.04411e-06
 267500.0 0.0520353 -1.88614e-06 -1.88614e-06
 287500.0 0.0259992 -9.14575e-07 -9.14575e-07
 310000.0 0.0121781 -4.18571e-07 -4.18571e-07
 330000.0 0.00629174 -2.13212e-07 -2.13212e-07
 352500.0 0.00302646 -1.01369e-07 -1.01369e-07
 375000.0 0.00147024 -4.86646e-08 -4.86646e-08
 397500.0 0.000723451 -2.34564e-08 -2.34564e-08
 420000.0 0.0 0.0 0.0

temperatureCurve
 0.0 450.0 0.0 -0.01125
 20000.0 225.0 -0.01125 -0.00123
 151100.0 84.5 0.0 0.0
 236600.0 119.0 0.000351 0.000351
 350600.0 138.0 6.14e-05 6.14e-05
 420000.0 148.1 0.000323 0.0