mass 3.808590367511327e+22
radius 900000.0
rotationPeriod 704636.4074863788
navballSwitchAltitude 36000.0
atmosphere true
atmosphereMolarMass 0.028
atmosphereLimit 85000.0

pressureCurve
 0.0 20.265 0.0 -0.00231776
 6000.0 10.0925 -0.00119668 -0.00119668
 12000.0 4.9117 -0.000604534 -0.000604534
 17500.0 2.48553 -0.000316218 -0.000316218
 23000.0 1.23415 -0.000161668 -0.000161668
 28500.0 0.603221 -8.0892e-05 -8.0892e-05
 34000.0 0.291061 -3.98353e-05 -3.98353e-05
 39500.0 0.138873 -1.93542e-05 -1.93542e-05
 44500.0 0.0702597 -9.93964e-06 -9.93964e-06
 49500.0 0.0352915 -5.05825e-06 -5.05825e-06
 54500.0 0.0176235 -2.55382e-06 -2.55382e-06
 60000.0 0.00816843 -1.19524e-06 -1.19524e-06
 65000.0 0.00404743 -5.96254e-07 -5.96254e-07
 70000.0 0.00200227 -2.96413e-07 -2.96413e-07
 75000.0 0.000990183 -1.47048e-07 -1.47048e-07
 80000.0 0.000490077 -7.28937e-08 -7.28937e-08
 85000.0 0.0 0.0 0.0

temperatureCurve
 0.0 110.0 0.0 -0.00026
 23100.0 104.0 -0.000195 -0.000195
 38500.0 101.0 -0.000325 -0.000325
 84700.0 89.0 0.0 0.0
 85000.0 89.0 0.0 0.0