mass 1.9099454497336384e+28
radius 70980000.0
rotationPeriod 540000.0
navballSwitchAltitude 248430.0
atmosphere true
atmosphereMolarMass 0.001277
atmosphereLimit 600000.0

pressureCurve
 0.0 10.1325 0.0 -0.000192627
 37630.0 4.70309 -0.000103125 -0.000103125
 70960.0 2.18298 -5.28665e-05 -5.28665e-05
 101600.0 1.01325 -2.63152e-05 -2.63152e-05
 130730.0 0.470309 -1.25929e-05 -1.25929e-05
 159730.0 0.218298 -5.72417e-06 -5.72417e-06
 189900.0 0.101325 -2.50816e-06 -2.50816e-06
 222290.0 0.0470309 -1.07077e-06 -1.07077e-06
 257750.0 0.0218298 -4.51089e-07 -4.51089e-07
 296770.0 0.0101325 -1.9072e-07 -1.9072e-07
 339040.0 0.00470309 -8.27866e-08 -8.27866e-08
 384170.0 0.00218298 -3.60872e-08 -3.60872e-08
 432150.0 0.00101325 -1.57891e-08 -1.57891e-08
 483180.0 0.000470309 -6.87766e-09 -6.87766e-09
 538260.0 0.000218298 -2.92255e-09 -2.92255e-09
 600000.0 0.0 0.0 0.0

temperatureCurve
 0.0 5524.0 0.0 -0.0195323
 37630.0 4789.0 -0.0195323 -0.0135914
 70960.0 4336.0 -0.0135914 -0.00956266
 101600.0 4043.0 -0.00956266 -0.00415379
 130730.0 3922.0 -0.00415379 0.00286207
 159730.0 4005.0 0.00286207 0.00785549
 189900.0 4242.0 0.00785549 0.0114233
 222290.0 4612.0 0.0114233 0.0132544
 257750.0 5082.0 0.0132544 0.0127371
 296770.0 5579.0 0.0127371 0.00913177
 339040.0 5965.0 0.00913177 0.00857523
 384170.0 6352.0 0.00857523 0.00806586
 432150.0 6739.0 0.00806586 0.00866157
 483180.0 7181.0 0.00866157 0.0120189
 538260.0 7843.0 0.0120189 0.0187885
 600000.0 9003.0 0.0187885 0.0