mass 9.459027967150527e+23
radius 2500000.0
rotationPeriod 21600.0
navballSwitchAltitude 87500.00000000001
atmosphere true
atmosphereMolarMass 0.002594
atmosphereLimit 270000.0

pressureCurve
 0.0 10132.5 0.0 -0.854788
 8165.0 4703.09 -0.496289 -0.496289
 14729.0 2182.98 -0.286533 -0.286533
 20000.0 1013.25 -0.166644 -0.0294921
 43646.0 470.309 -0.0174063 -0.0174063
 62370.0 218.298 -0.010159 -0.010159
 77372.0 101.325 -0.00585301 -0.00585301
 89741.0 47.0309 -0.00322076 -0.00322076
 100516.0 21.8298 -0.00166196 -0.00166196
 110605.0 10.1325 -0.000791829 -0.000791829
 120570.0 4.70309 -0.000367534 -0.000367534
 130844.0 2.18298 -0.000160773 -0.000160773
 142025.0 1.01325 -6.70008e-05 -6.70008e-05
 154581.0 0.470309 -2.7518e-05 -2.7518e-05
 168702.0 0.218298 -1.14318e-05 -1.14318e-05
 184295.0 0.101325 -4.86994e-06 -4.86994e-06
 200984.0 0.0470309 -2.15381e-06 -2.15381e-06
 218161.0 0.0218298 -9.92603e-07 -9.92603e-07
 235420.0 0.0101325 -4.60725e-07 -4.60725e-07
 252700.0 0.00470309 -2.1385e-07 -2.1385e-07
 270000.0 0.0 0.0 0.0

temperatureCurve
 0.0 442.0 0.0 -0.0107777
 8165.0 354.0 -0.0107777 -0.0106642
 14729.0 284.0 -0.0106642 -0.0108139
 20000.0 227.0 -0.0108139 -0.00207223
 43646.0 178.0 -0.00207223 -0.00192267
 62370.0 142.0 -0.00192267 -0.00186642
 77372.0 114.0 -0.00186642 -0.00145525
 89741.0 96.0 -0.00145525 -0.000928074
 100516.0 86.0 -0.000928074 -0.000198236
 110605.0 84.0 -0.000198236 -0.000100351
 120570.0 83.0 -0.000100351 0.000486665
 130844.0 88.0 0.000486665 0.000894374
 142025.0 98.0 0.000894374 0.00103536
 154581.0 111.0 0.00103536 0.000920615
 168702.0 124.0 0.000920615 0.000705445
 184295.0 135.0 0.000705445 0.000419438
 200984.0 142.0 0.000419438 5.82174e-05
 218161.0 143.0 5.82174e-05 -5.79408e-05
 235420.0 142.0 -5.79408e-05 0.0
 270000.0 142.0 0.0 0.0