mass 3.333618594248196e+22
radius 550000.0
rotationPeriod 139245.781338531
navballSwitchAltitude 33000.0
atmosphere true
atmosphereMolarMass 0.02973
atmosphereLimit 55000.0

pressureCurve
 0.0 50.6625 0.0 -0.00844679
 3394.0 28.4896 -0.00492272 -0.00492272
 6675.0 16.0209 -0.00286687 -0.00286687
 9848.0 9.00921 -0.00166824 -0.00166824
 12919.0 5.06625 -0.000969882 -0.000969882
 15896.0 2.84896 -0.000563305 -0.000563305
 18783.0 1.60209 -0.000326806 -0.000326806
 21585.0 0.900921 -0.000189371 -0.000189371
 24311.0 0.506625 -0.000109589 -0.000109589
 26963.0 0.284896 -6.33298e-05 -6.33298e-05
 29549.0 0.160209 -3.65421e-05 -3.65421e-05
 32074.0 0.0900921 -2.10513e-05 -2.10513e-05
 34544.0 0.0506625 -1.21067e-05 -1.21067e-05
 36963.0 0.0284896 -6.95014e-06 -6.95014e-06
 39337.0 0.0160209 -3.98245e-06 -3.98245e-06
 41671.0 0.00900921 -2.27754e-06 -2.27754e-06
 43970.0 0.00506625 -1.30115e-06 -1.30115e-06
 46235.0 0.00284896 -7.42962e-07 -7.42962e-07
 48469.0 0.00160209 -4.23972e-07 -4.23972e-07
 50673.0 0.000900921 -2.41765e-07 -2.41765e-07
 52849.0 0.000506625 -1.37749e-07 -1.37749e-07
 55000.0 0.0 0.0 0.0

temperatureCurve
 0.0 164.0 0.0 -0.000294638
 3394.0 163.0 -0.000294638 -0.00060957
 6675.0 161.0 -0.00060957 -0.000630318
 9848.0 159.0 -0.000630318 -0.00097688
 12919.0 156.0 -0.00097688 -0.00134363
 15896.0 152.0 -0.00134363 -0.00138552
 18783.0 148.0 -0.00138552 -0.00142755
 21585.0 144.0 -0.00142755 -0.00183419
 24311.0 139.0 -0.00183419 -0.0015083
 26963.0 135.0 -0.0015083 -0.00154679
 29549.0 131.0 -0.00154679 -0.00158416
 32074.0 127.0 -0.00158416 -0.00121457
 34544.0 124.0 -0.00121457 -0.00124018
 36963.0 121.0 -0.00124018 -0.00126369
 39337.0 118.0 -0.00126369 -0.00128535
 41671.0 115.0 -0.00128535 -0.00130492
 43970.0 112.0 -0.00130492 -0.000883002
 46235.0 110.0 -0.000883002 -0.000895255
 48469.0 108.0 -0.000895255 -0.000907441
 50673.0 106.0 -0.000907441 -0.000919118
 52849.0 104.0 -0.000919118 -0.0004649
 55000.0 103.0 -0.0004649 0.0