mass 1.2856931217486158e+21
radius 250000.0
rotationPeriod 21600.0
navballSwitchAltitude 17500.0
atmosphere true
atmosphereMolarMass 0.02801
atmosphereLimit 50000.0

pressureCurve
 0.0 1.01325 0.0 -0.000124417
 4666.0 0.569792 -7.09818e-05 -7.09818e-05
 9289.0 0.320418 -4.04451e-05 -4.04451e-05
 13877.0 0.180184 -2.30162e-05 -2.30162e-05
 18435.0 0.101325 -1.30811e-05 -1.30811e-05
 22969.0 0.0569792 -7.42517e-06 -7.42517e-06
 27484.0 0.0320418 -4.20939e-06 -4.20939e-06
 31987.0 0.0180184 -2.38337e-06 -2.38337e-06
 36482.0 0.0101325 -1.34782e-06 -1.34782e-06
 40979.0 0.00569792 -7.5993e-07 -7.5993e-07
 45485.0 0.00320418 -4.28417e-07 -4.28417e-07
 50000.0 0.0 0.0 0.0

temperatureCurve
 0.0 43.0 0.0 0.000428633
 4666.0 45.0 0.000428633 0.00043262
 9289.0 47.0 0.00043262 0.00021796
 13877.0 48.0 0.00021796 0.0
 18435.0 48.0 0.0 -0.000220556
 22969.0 47.0 -0.000220556 0.0
 27484.0 47.0 0.0 -0.000222074
 31987.0 46.0 -0.000222074 -0.000222469
 36482.0 45.0 -0.000222469 -0.00022237
 40979.0 44.0 -0.00022237 0.0
 45485.0 44.0 0.0 -0.000221484
 50000.0 43.0 -0.000221484 0.0