mass 1.655972740812217e+24
radius 3500000.0
rotationPeriod 18000.0
navballSwitchAltitude 105000.0
atmosphere true
atmosphereMolarMass 0.002395
atmosphereLimit 350000.0

pressureCurve
 0.0 10132.5 0.0 -0.882694
 7990.0 4703.09 -0.501884 -0.501884
 14566.0 2182.98 -0.282649 -0.282649
 20000.0 1013.25 -0.159336 -0.0245511
 49031.0 470.309 -0.0139154 -0.0139154
 73054.0 218.298 -0.007751 -0.007751
 93289.0 101.325 -0.00423781 -0.00423781
 110841.0 47.0309 -0.00222365 -0.00222365
 126768.0 21.8298 -0.00111061 -0.00111061
 142002.0 10.1325 -0.000524708 -0.000524708
 157119.0 4.70309 -0.000243548 -0.000243548
 172502.0 2.18298 -0.000109428 -0.000109428
 188645.0 1.01325 -4.77706e-05 -4.77706e-05
 205933.0 0.470309 -2.06114e-05 -2.06114e-05
 224520.0 0.218298 -8.92651e-06 -8.92651e-06
 244332.0 0.101325 -3.91944e-06 -3.91944e-06
 265061.0 0.0470309 -1.76192e-06 -1.76192e-06
 286207.0 0.0218298 -8.13918e-07 -8.13918e-07
 307437.0 0.0101325 -3.77787e-07 -3.77787e-07
 328702.0 0.00470309 -1.75353e-07 -1.75353e-07
 350000.0 0.0 0.0 0.0

temperatureCurve
 0.0 444.0 0.0 -0.0102628
 7990.0 362.0 -0.0102628 -0.00958029
 14566.0 299.0 -0.00958029 -0.0097534
 20000.0 246.0 -0.0097534 -0.00155007
 49031.0 201.0 -0.00155007 -0.00137368
 73054.0 168.0 -0.00137368 -0.0012849
 93289.0 142.0 -0.0012849 -0.000911577
 110841.0 126.0 -0.000911577 -0.000565078
 126768.0 117.0 -0.000565078 -0.000196928
 142002.0 114.0 -0.000196928 0.0
 157119.0 114.0 0.0 0.00019502
 172502.0 117.0 0.00019502 0.000433624
 188645.0 124.0 0.000433624 0.000578436
 205933.0 134.0 0.000578436 0.000484209
 224520.0 143.0 0.000484209 0.000403796
 244332.0 151.0 0.000403796 0.000241208
 265061.0 156.0 0.000241208 0.0
 350000.0 156.0 0.0 0.0