mass 2.883408535828159e+21
radius 280000.0
rotationPeriod 666155.0
navballSwitchAltitude 16800.0
atmosphere true
atmosphereMolarMass 0.0289644
atmosphereLimit 95000.0

pressureCurve
 0.0 124.62975 0.0 -0.0141719
 1000.0 111.096 -0.0129063 -0.0129063
 3000.0 87.6643 -0.0105709 -0.0105709
 6000.0 60.5584 -0.00761232 -0.00761232
 9000.0 41.3176 -0.00532358 -0.00532358
 12000.0 28.007 -0.00364312 -0.00364312
 15000.0 18.9613 -0.00245993 -0.00245993
 20000.0 9.97089 -0.00126725 -0.00126725
 25000.0 5.3211 -0.000661487 -0.000661487
 30000.0 2.86917 -0.000351733 -0.000351733
 35000.0 1.56612 -0.000186822 -0.000186822
 40000.0 0.872768 -9.97774e-05 -9.97774e-05
 50000.0 0.297566 -2.9629e-05 -2.9629e-05
 60000.0 0.120956 -9.81164e-06 -9.81164e-06
 70000.0 0.057097 -4.03609e-06 -4.03609e-06
 80000.0 0.0290375 -1.88088e-06 -1.88088e-06
 87500.0 0.0181146 -1.108e-06 -1.108e-06
 95000.0 0.0 0.0 0.0

temperatureCurve
 0.0 93.7 0.0 -0.002938
 26250.0 69.0 -0.0004149 -0.0004149
 45750.0 69.0 0.0004149 0.0004149
 67750.0 87.0 0.0002268 0.0002268
 95000.0 90.0 0.0 0.0