mass 8.64500055063769e+23
radius 2050000.0
rotationPeriod 81000.0
navballSwitchAltitude 46125.0
atmosphere true
atmosphereMolarMass 0.0408
atmosphereLimit 60000.0

pressureCurve
 0.0 1013.25 0.0 -0.169695
 4000.0 506.661 -0.0910632 -0.0910632
 7750.0 251.807 -0.048917 -0.048917
 11000.0 130.891 -0.0274575 -0.0274575
 14250.0 64.5241 -0.0146495 -0.0146495
 17250.0 31.9575 -0.00776914 -0.00776914
 20000.0 16.124 -0.00413362 -0.00413362
 22500.0 8.40501 -0.00224892 -0.00224892
 25000.0 4.26392 -0.00118745 -0.00118745
 27500.0 2.10644 -0.000609599 -0.000609599
 29750.0 1.09124 -0.000326732 -0.000326732
 32250.0 0.511965 -0.000159107 -0.000159107
 34250.0 0.27385 -8.76592e-05 -8.76592e-05
 36500.0 0.13257 -4.37962e-05 -4.37962e-05
 38500.0 0.0683117 -2.31373e-05 -2.31373e-05
 40500.0 0.0346786 -1.19869e-05 -1.19869e-05
 42500.0 0.0174033 -6.10078e-06 -6.10078e-06
 44500.0 0.00867198 -3.06532e-06 -3.06532e-06
 46500.0 0.0042988 -1.53139e-06 -1.53139e-06
 48500.0 0.00212055 -7.60722e-07 -7.60722e-07
 50250.0 0.00113875 -4.10525e-07 -4.10525e-07
 52250.0 0.000558002 -2.01884e-07 -2.01884e-07
 54250.0 0.000273094 -9.88759e-08 -9.88759e-08
 56000.0 0.000146259 -5.2834e-08 -5.2834e-08
 58000.0 7.18706e-05 -2.58162e-08 -2.58162e-08
 60000.0 0.0 0.0 0.0

temperatureCurve
 0.0 399.0 0.0 -0.00663
 9800.0 332.0 -0.00714 -0.00714
 19600.0 274.0 -0.00408 -0.00408
 31360.0 229.0 -0.00357 -0.00357
 43120.0 196.0 -0.00122 -0.00122
 55860.0 185.0 0.0 0.0
 60000.0 186.6 0.00092 0.0