mass 2.9951506964255746e+25
radius 14000000.0
rotationPeriod 19800.0
navballSwitchAltitude 210000.0
atmosphere true
atmosphereMolarMass 0.00222
atmosphereLimit 500000.0

pressureCurve
 0.0 10132.5 0.0 -1.16647
 10000.0 3204.18 -0.368892 -0.368892
 20000.0 1013.25 -0.116655 -0.018249
 55000.0 506.277 -0.0111282 -0.0111282
 85000.0 244.424 -0.00659961 -0.00659961
 107500.0 126.68 -0.00403531 -0.00403531
 130000.0 58.4954 -0.00218234 -0.00218234
 147500.0 29.5345 -0.0012187 -0.0012187
 165000.0 14.0792 -0.00061704 -0.00061704
 180000.0 7.30658 -0.000322841 -0.000322841
 197500.0 3.42581 -0.000147843 -0.000147843
 212500.0 1.82569 -7.61309e-05 -7.61309e-05
 230000.0 0.903216 -3.58892e-05 -3.58892e-05
 250000.0 0.422112 -1.57972e-05 -1.57972e-05
 270000.0 0.206214 -7.29547e-06 -7.29547e-06
 290000.0 0.104496 -3.53458e-06 -3.53458e-06
 312500.0 0.0501482 -1.63978e-06 -1.63978e-06
 335000.0 0.0245692 -7.86586e-07 -7.86586e-07
 357500.0 0.0121914 -3.85403e-07 -3.85403e-07
 380000.0 0.00609779 -1.91243e-07 -1.91243e-07
 402500.0 0.00306786 -9.5566e-08 -9.5566e-08
 425000.0 0.00155341 -4.79013e-08 -4.79013e-08
 450000.0 0.000738763 -2.22643e-08 -2.22643e-08
 475000.0 0.000360113 -1.03991e-08 -1.03991e-08
 500000.0 0.0 0.0 0.0

temperatureCurve
 0.0 540.0 0.0 -0.0135
 20000.0 270.0 -0.0135 -0.00134
 176800.0 109.0 0.0 0.0
 288800.0 141.0 0.000268 0.000268
 400800.0 153.0 4.46e-05 4.46e-05
 500000.0 176.7 0.000585 0.0