mass 1.031199351820775e+23
radius 1100000.0
rotationPeriod 115299.75343623258
navballSwitchAltitude 38500.00000000001
atmosphere true
atmosphereMolarMass 0.0284
atmosphereLimit 75000.0

pressureCurve
 0.0 60.795 0.0 -0.00534025
 7000.0 30.1852 -0.00341115 -0.00341115
 13000.0 14.5589 -0.00189264 -0.00189264
 18500.0 6.97982 -0.000969258 -0.000969258
 23500.0 3.46889 -0.000499773 -0.000499773
 28500.0 1.6809 -0.000253349 -0.000253349
 33000.0 0.843557 -0.000136908 -0.000136908
 37500.0 0.398574 -7.10277e-05 -7.10277e-05
 41500.0 0.192496 -3.73889e-05 -3.73889e-05
 45000.0 0.0967654 -2.01828e-05 -2.01828e-05
 48500.0 0.0464686 -1.0295e-05 -1.0295e-05
 51500.0 0.024044 -5.52747e-06 -5.52747e-06
 55000.0 0.0109153 -2.55622e-06 -2.55622e-06
 58000.0 0.00553302 -1.29025e-06 -1.29025e-06
 61000.0 0.00282607 -6.49478e-07 -6.49478e-07
 64500.0 0.0013139 -2.93508e-07 -2.93508e-07
 68000.0 0.000627452 -1.34859e-07 -1.34859e-07
 71500.0 0.000309481 -6.34897e-08 -6.34897e-08
 75000.0 0.0 0.0 0.0

temperatureCurve
 0.0 277.0 0.0 -0.0105
 9875.0 201.0 -0.00418 -0.00418
 31600.0 155.0 -0.00304 -0.00304
 55300.0 105.0 0.0 0.0
 75000.0 124.9 0.00189 0.0