mass 1.9042951837556637e+24
radius 3600000.0
rotationPeriod 43200.0
navballSwitchAltitude 54000.0
atmosphere true
atmosphereMolarMass 0.00242
atmosphereLimit 170000.0

pressureCurve
 0.0 4053.0 0.0 -0.398722
 7000.0 2030.25 -0.202046 -0.202046
 14000.0 1010.25 -0.101428 -0.101428
 21000.0 499.472 -0.0506979 -0.0506979
 28000.0 245.435 -0.0251501 -0.0251501
 35000.0 119.914 -0.0124005 -0.0124005
 41000.0 64.6263 -0.0067309 -0.0067309
 48000.0 31.281 -0.00328249 -0.00328249
 55000.0 15.0779 -0.00159269 -0.00159269
 61000.0 8.04398 -0.000853796 -0.000853796
 68000.0 3.85495 -0.00041103 -0.00041103
 75000.0 1.84391 -0.000197255 -0.000197255
 81000.0 0.979156 -0.000104947 -0.000104947
 88000.0 0.467779 -5.01979e-05 -5.01979e-05
 94000.0 0.248433 -2.66658e-05 -2.66658e-05
 101000.0 0.118858 -1.27499e-05 -1.27499e-05
 108000.0 0.0569656 -6.10158e-06 -6.10158e-06
 114000.0 0.0303899 -3.24572e-06 -3.24572e-06
 121000.0 0.0146618 -1.55626e-06 -1.55626e-06
 128000.0 0.0071191 -7.49093e-07 -7.49093e-07
 134000.0 0.00385673 -4.02152e-07 -4.02152e-07
 141000.0 0.00190229 -1.95996e-07 -1.95996e-07
 148000.0 0.000947448 -9.63584e-08 -9.63584e-08
 155000.0 0.000476673 -4.78303e-08 -4.78303e-08
 163000.0 0.000220114 -2.1749e-08 -2.1749e-08
 170000.0 0.0 0.0 0.0

temperatureCurve
 0.0 39.5 0.0 -4.17e-05
 108000.0 37.0 0.0 0.0
 170000.0 40.2 7.71e-05 0.0