mass 1.4877306123091123e+22
radius 750000.0
rotationPeriod 1407680.0945273684
navballSwitchAltitude 37500.0
atmosphere true
atmosphereMolarMass 0.028
atmosphereLimit 90000.0

pressureCurve
 0.0 6.0795 0.0 -0.000617904
 6500.0 3.12386 -0.000324264 -0.000324264
 13000.0 1.5906 -0.000168105 -0.000168105
 19500.0 0.804039 -8.62879e-05 -8.62879e-05
 26000.0 0.404126 -4.39447e-05 -4.39447e-05
 32500.0 0.202277 -2.22213e-05 -2.22213e-05
 39000.0 0.101062 -1.11864e-05 -1.11864e-05
 45000.0 0.0532105 -5.92723e-06 -5.92723e-06
 51500.0 0.0265524 -2.97392e-06 -2.97392e-06
 58000.0 0.0132586 -1.49131e-06 -1.49131e-06
 64500.0 0.00663023 -7.48069e-07 -7.48069e-07
 70500.0 0.00350403 -3.96085e-07 -3.96085e-07
 77000.0 0.00176097 -1.99252e-07 -1.99252e-07
 83500.0 0.000888184 -1.00495e-07 -1.00495e-07
 90000.0 0.0 0.0 0.0

temperatureCurve
 0.0 72.0 0.0 0.000164
 24090.0 74.5 0.0 0.0
 43800.0 73.0 -0.000103 -0.000103
 87600.0 70.0 0.0 0.0
 90000.0 70.0 0.0 0.0