mass 1.257186485898103e+29
radius 175750000.0
rotationPeriod 1080000.0
navballSwitchAltitude 395437.49999999994
atmosphere true
atmosphereMolarMass 0.00125
atmosphereLimit 800000.0

pressureCurve
 0.0 10.1325 0.0 -0.000179914
 35000.0 5.20525 -0.000104165 -0.000104165
 70000.0 2.52024 -5.4087e-05 -5.4087e-05
 100000.0 1.29971 -2.95026e-05 -2.95026e-05
 130000.0 0.647425 -1.53757e-05 -1.53757e-05
 160000.0 0.314355 -7.66253e-06 -7.66253e-06
 187500.0 0.160787 -3.90267e-06 -3.90267e-06
 217500.0 0.0791153 -1.8126e-06 -1.8126e-06
 247500.0 0.0409574 -8.61796e-07 -8.61796e-07
 282500.0 0.0203346 -3.89443e-07 -3.89443e-07
 320000.0 0.0102025 -1.81684e-07 -1.81684e-07
 360000.0 0.00511058 -8.64827e-08 -8.64827e-08
 402500.0 0.00252332 -4.1511e-08 -4.1511e-08
 445000.0 0.00126328 -2.04892e-08 -2.04892e-08
 485000.0 0.000663912 -1.0663e-08 -1.0663e-08
 530000.0 0.000324172 -5.16048e-09 -5.16048e-09
 575000.0 0.000159293 -2.51433e-09 -2.51433e-09
 617500.0 8.18848e-05 -1.28258e-09 -1.28258e-09
 662500.0 4.07191e-05 -6.32112e-10 -6.32112e-10
 707500.0 2.03952e-05 -3.12997e-10 -3.12997e-10
 752500.0 1.03138e-05 -1.55493e-10 -1.55493e-10
 800000.0 0.0 0.0 0.0

temperatureCurve
 0.0 5750.0 0.0 -0.03
 40000.0 5050.0 -0.01 -0.01
 174000.0 4175.0 0.0 0.0
 280000.0 5300.0 0.0125 0.0125
 400000.0 6200.0 0.0025 0.0025
 560000.0 6450.0 0.00125 0.00125
 740000.0 6725.0 0.0025 0.0025
 800000.0 7200.0 0.0125 0.0