mass 6.299896296568215e+21
radius 350000.0
rotationPeriod 53456.75178963791
navballSwitchAltitude 22750.0
atmosphere true
atmosphereMolarMass 0.02801
atmosphereLimit 65000.0

pressureCurve
 0.0 10.1325 0.0 -0.00123944
 4649.0 5.69792 -0.000716594 -0.000716594
 9189.0 3.20418 -0.000413874 -0.000413874
 13625.0 1.80184 -0.000238772 -0.000238772
 17966.0 1.01325 -0.000137592 -0.000137592
 22218.0 0.569792 -7.91903e-05 -7.91903e-05
 26388.0 0.320418 -4.55196e-05 -4.55196e-05
 30482.0 0.180184 -2.61307e-05 -2.61307e-05
 34507.0 0.101325 -1.49799e-05 -1.49799e-05
 38470.0 0.0569792 -8.57547e-06 -8.57547e-06
 42376.0 0.0320418 -4.90212e-06 -4.90212e-06
 46232.0 0.0180184 -2.79818e-06 -2.79818e-06
 50044.0 0.0101325 -1.59487e-06 -1.59487e-06
 53822.0 0.00569792 -9.05934e-07 -9.05934e-07
 57573.0 0.00320418 -5.14406e-07 -5.14406e-07
 61298.0 0.00180184 -2.91965e-07 -2.91965e-07
 65000.0 0.0 0.0 0.0

temperatureCurve
 0.0 109.0 0.0 0.0004302
 4649.0 111.0 0.0004302 0.000220264
 9189.0 112.0 0.000220264 0.0
 13625.0 112.0 0.0 -0.000230362
 17966.0 111.0 -0.000230362 -0.000235183
 22218.0 110.0 -0.000235183 -0.000719424
 26388.0 107.0 -0.000719424 -0.00073278
 30482.0 104.0 -0.00073278 -0.000496894
 34507.0 102.0 -0.000496894 -0.000757002
 38470.0 99.0 -0.000757002 -0.000512033
 42376.0 97.0 -0.000512033 -0.000518672
 46232.0 95.0 -0.000518672 -0.000786988
 50044.0 92.0 -0.000786988 -0.00026469
 53822.0 91.0 -0.00026469 -0.000533191
 57573.0 89.0 -0.000533191 -0.000268456
 61298.0 88.0 -0.000268456 -0.000270124
 65000.0 87.0 -0.000270124 0.0