mass 1.9042951837556635e+23
radius 1200000.0
rotationPeriod 340308.81053876114
navballSwitchAltitude 42000.00000000001
atmosphere true
atmosphereMolarMass 0.00513
atmosphereLimit 130000.0

pressureCurve
 0.0 506.625 0.0 -0.0443793
 6497.0 284.896 -0.0255764 -0.0255764
 12849.0 160.209 -0.0147309 -0.0147309
 19064.0 90.0921 -0.00847876 -0.00847876
 25148.0 50.6625 -0.00487664 -0.00487664
 31108.0 28.4896 -0.00280266 -0.00280266
 36951.0 16.0209 -0.00160938 -0.00160938
 42685.0 9.00921 -0.000923342 -0.000923342
 48316.0 5.06625 -0.000529244 -0.000529244
 53851.0 2.84896 -0.00030305 -0.00030305
 59298.0 1.60209 -0.000173347 -0.000173347
 64664.0 0.900921 -9.90463e-05 -9.90463e-05
 69955.0 0.506625 -5.65273e-05 -5.65273e-05
 75179.0 0.284896 -3.22223e-05 -3.22223e-05
 80343.0 0.160209 -1.83448e-05 -1.83448e-05
 85453.0 0.0900921 -1.04306e-05 -1.04306e-05
 90518.0 0.0506625 -5.92287e-06 -5.92287e-06
 95543.0 0.0284896 -3.35867e-06 -3.35867e-06
 100537.0 0.0160209 -1.90196e-06 -1.90196e-06
 105505.0 0.00900921 -1.07586e-06 -1.07586e-06
 110450.0 0.00506625 -6.0885e-07 -6.0885e-07
 115370.0 0.00284896 -3.44468e-07 -3.44468e-07
 120267.0 0.00160209 -1.94831e-07 -1.94831e-07
 125143.0 0.000900921 -1.1016e-07 -1.1016e-07
 130000.0 0.0 0.0 0.0

temperatureCurve
 0.0 94.0 0.0 0.0
 6497.0 94.0 0.0 -0.000157431
 12849.0 93.0 -0.000157431 0.0
 19064.0 93.0 0.0 -0.000328731
 25148.0 91.0 -0.000328731 -0.000167785
 31108.0 90.0 -0.000167785 -0.00034229
 36951.0 88.0 -0.00034229 -0.000348797
 42685.0 86.0 -0.000348797 -0.000355177
 48316.0 84.0 -0.000355177 -0.000180668
 53851.0 83.0 -0.000180668 -0.000367175
 59298.0 81.0 -0.000367175 -0.000372717
 64664.0 79.0 -0.000372717 -0.000378
 69955.0 77.0 -0.000378 -0.000191424
 75179.0 76.0 -0.000191424 -0.000193648
 80343.0 75.0 -0.000193648 -0.000195695
 85453.0 74.0 -0.000195695 -0.000197433
 90518.0 73.0 -0.000197433 -0.000199005
 95543.0 72.0 -0.000199005 -0.00020024
 100537.0 71.0 -0.00020024 0.0
 105505.0 71.0 0.0 -0.000202224
 110450.0 70.0 -0.000202224 0.0
 115370.0 70.0 0.0 -0.000204207
 120267.0 69.0 -0.000204207 0.0
 130000.0 69.0 0.0 0.0