mass 5.2897088437657325e+22
radius 600000.0
rotationPeriod 21600.0
navballSwitchAltitude 36000.0
atmosphere true
atmosphereMolarMass 0.0289644
atmosphereLimit 70000.0

pressureCurve
 0.0 101.325 0.0 -0.015084
 4500.0 50.2162 -0.0083021 -0.0083021
 8500.0 24.862 -0.00466784 -0.00466784
 12000.0 12.5594 -0.00254888 -0.00254888
 15500.0 6.16131 -0.00125338 -0.00125338
 19000.0 3.08055 -0.000601902 -0.000601902
 23000.0 1.4417 -0.000270525 -0.000270525
 27000.0 0.696747 -0.000125186 -0.000125186
 31000.0 0.348165 -5.96577e-05 -5.96577e-05
 35000.0 0.18006 -2.93785e-05 -2.93785e-05
 39500.0 0.0885155 -1.40369e-05 -1.40369e-05
 44000.0 0.0435903 -7.1192e-06 -7.1192e-06
 48500.0 0.0207135 -3.60976e-06 -3.60976e-06
 52500.0 0.0102415 -1.90104e-06 -1.90104e-06
 56000.0 0.00532718 -1.0457e-06 -1.0457e-06
 59500.0 0.00267917 -5.5096e-07 -5.5096e-07
 63000.0 0.00131267 -2.78118e-07 -2.78118e-07
 66500.0 0.000633919 -1.3631e-07 -1.3631e-07
 70000.0 0.0 0.0 0.0

temperatureCurve
 0.0 280.75 0.0 -0.003125
 6400.0 239.25 -0.0075 -0.0075
 9600.0 221.0 -0.00375 -0.00375
 13600.0 211.0 0.0 0.0
 20000.0 220.5 0.00175 0.00175
 32000.0 250.0 0.00325 0.00325
 40000.0 268.5 0.0 0.0
 48000.0 247.0 -0.00375 -0.00375
 56000.0 219.5 -0.00275 -0.00275
 70000.0 196.25 -0.0005 0.0