mass 9.549444293325955e+27
radius 30170000.0
rotationPeriod 1296000.0
navballSwitchAltitude 150850.0
atmosphere true
atmosphereMolarMass 0.001277
atmosphereLimit 300000.0

pressureCurve
 0.0 10.1325 0.0 -0.000384855
 18830.0 4.70309 -0.000206037 -0.000206037
 35510.0 2.18298 -0.000105624 -0.000105624
 50840.0 1.01325 -5.25759e-05 -5.25759e-05
 65420.0 0.470309 -2.51597e-05 -2.51597e-05
 79920.0 0.218298 -1.14365e-05 -1.14365e-05
 95020.0 0.101325 -5.01114e-06 -5.01114e-06
 111220.0 0.0470309 -2.13933e-06 -2.13933e-06
 128950.0 0.0218298 -9.01245e-07 -9.01245e-07
 148460.0 0.0101325 -3.81045e-07 -3.81045e-07
 169600.0 0.00470309 -1.65402e-07 -1.65402e-07
 192160.0 0.00218298 -7.20996e-08 -7.20996e-08
 216140.0 0.00101325 -3.15455e-08 -3.15455e-08
 241640.0 0.000470309 -1.37411e-08 -1.37411e-08
 269160.0 0.000218298 -5.83906e-09 -5.83906e-09
 300000.0 0.0 0.0 0.0

temperatureCurve
 0.0 3550.0 0.0 -0.0250664
 18830.0 3078.0 -0.0250664 -0.017446
 35510.0 2787.0 -0.017446 -0.0122635
 50840.0 2599.0 -0.0122635 -0.00534979
 65420.0 2521.0 -0.00534979 0.00365517
 79920.0 2574.0 0.00365517 0.0100662
 95020.0 2726.0 0.0100662 0.0146914
 111220.0 2964.0 0.0146914 0.0170333
 128950.0 3266.0 0.0170333 0.0164018
 148460.0 3586.0 0.0164018 0.0117313
 169600.0 3834.0 0.0117313 0.0110372
 192160.0 4083.0 0.0110372 0.010342
 216140.0 4331.0 0.010342 0.0111373
 241640.0 4615.0 0.0111373 0.0154797
 269160.0 5041.0 0.0154797 0.0241894
 300000.0 5787.0 0.0241894 0.0