mass 2.3803689796945796e+21
radius 300000.0
rotationPeriod 66949.22302189725
navballSwitchAltitude 19500.0
atmosphere true
atmosphereMolarMass 0.02801
atmosphereLimit 75000.0

pressureCurve
 0.0 40.53 0.0 -0.00518051
 4474.0 22.7917 -0.00296486 -0.00296486
 8889.0 12.8167 -0.00169549 -0.00169549
 13251.0 7.20737 -0.000968781 -0.000968781
 17563.0 4.053 -0.000553075 -0.000553075
 21829.0 2.27917 -0.000315468 -0.000315468
 26053.0 1.28167 -0.000179773 -0.000179773
 30240.0 0.720737 -0.000102349 -0.000102349
 34394.0 0.4053 -5.82125e-05 -5.82125e-05
 38518.0 0.227917 -3.30761e-05 -3.30761e-05
 42617.0 0.128167 -1.87745e-05 -1.87745e-05
 46696.0 0.0720737 -1.06456e-05 -1.06456e-05
 50758.0 0.04053 -6.02998e-06 -6.02998e-06
 54808.0 0.0227917 -3.41191e-06 -3.41191e-06
 58850.0 0.0128167 -1.92846e-06 -1.92846e-06
 62888.0 0.00720737 -1.0889e-06 -1.0889e-06
 66925.0 0.004053 -6.14666e-07 -6.14666e-07
 70962.0 0.00227917 -3.46907e-07 -3.46907e-07
 75000.0 0.0 0.0 0.0

temperatureCurve
 0.0 61.0 0.0 0.0
 4474.0 61.0 0.0 0.000226501
 8889.0 62.0 0.000226501 0.0
 17563.0 62.0 0.0 -0.000234412
 21829.0 61.0 -0.000234412 0.0
 26053.0 61.0 0.0 -0.000238834
 30240.0 60.0 -0.000238834 -0.000240732
 34394.0 59.0 -0.000240732 -0.000242483
 38518.0 58.0 -0.000242483 -0.000243962
 42617.0 57.0 -0.000243962 0.0
 46696.0 57.0 0.0 -0.000246184
 50758.0 56.0 -0.000246184 -0.000246914
 54808.0 55.0 -0.000246914 0.0
 58850.0 55.0 0.0 -0.000247647
 62888.0 54.0 -0.000247647 0.0
 66925.0 54.0 0.0 -0.000247709
 70962.0 53.0 -0.000247709 0.0
 75000.0 53.0 0.0 0.0