mass 2.93973106291216e+22
radius 500000.0
rotationPeriod 52980.8790593796
navballSwitchAltitude 30000.0
atmosphere true
atmosphereMolarMass 0.0289644002914429
atmosphereLimit 50000.0

pressureCurve
 0.0 60.795 0.0 -0.005216384
 5250.0 33.40898 -0.004252711 -0.004252711
 10000.0 17.78605 -0.002407767 -0.002407767
 17000.0 7.100577 -0.001092064 -0.001092064
 22000.0 3.812421 -0.0004677011 -0.0004677011
 31000.0 1.312482 -0.0001961767 -0.0001961767
 38000.0 0.5104055 -7.855808e-05 -7.855808e-05
 50000.0 0.0 0.0 0.0

temperatureCurve
 0.0 277.0 0.0 -0.009285714
 5250.0 206.0 -0.009253677 0.0
 10000.0 206.0 0.0 0.001419616
 17000.0 217.8 0.001414257 0.003959919
 22000.0 235.5 0.0039412 -0.0002581542
 31000.0 203.0 -0.003911343 -0.0007623209
 38000.0 199.0 0.0 0.001478429
 50000.0 214.0 0.0 0.0