mass 7.775872000335626e+20
radius 210000.0
rotationPeriod 18000.0
navballSwitchAltitude 15750.0
atmosphere true
atmosphereMolarMass 0.02801
atmosphereLimit 45000.0

pressureCurve
 0.0 0.506625 0.0 -6.33957e-05
 4579.0 0.284896 -3.61847e-05 -3.61847e-05
 9121.0 0.160209 -2.06192e-05 -2.06192e-05
 13632.0 0.0900921 -1.17298e-05 -1.17298e-05
 18121.0 0.0506625 -6.6617e-06 -6.6617e-06
 22594.0 0.0284896 -3.77706e-06 -3.77706e-06
 27059.0 0.0160209 -2.13798e-06 -2.13798e-06
 31524.0 0.00900921 -1.20767e-06 -1.20767e-06
 36000.0 0.00506625 -6.80461e-07 -6.80461e-07
 40491.0 0.00284896 -3.83372e-07 -3.83372e-07
 45000.0 0.0 0.0 0.0

temperatureCurve
 0.0 37.0 0.0 0.000436777
 4579.0 39.0 0.000436777 0.000440335
 9121.0 41.0 0.000440335 0.00022168
 13632.0 42.0 0.00022168 0.0
 18121.0 42.0 0.0 -0.000223564
 22594.0 41.0 -0.000223564 -0.000223964
 27059.0 40.0 -0.000223964 -0.000223964
 31524.0 39.0 -0.000223964 0.0
 36000.0 39.0 0.0 -0.000222668
 40491.0 38.0 -0.000222668 0.0
 45000.0 38.0 0.0 0.0