mass 3.563206651703306e+24
radius 5000000.0
rotationPeriod 14400.0
navballSwitchAltitude 125000.0
atmosphere true
atmosphereMolarMass 0.002215
atmosphereLimit 300000.0

pressureCurve
 0.0 10132.5 0.0 -0.835477
 8294.0 4703.09 -0.492692 -0.492692
 14850.0 2182.98 -0.289991 -0.289991
 20000.0 1013.25 -0.172998 -0.0267074
 45708.0 470.309 -0.0163284 -0.0163284
 65277.0 218.298 -0.00996062 -0.00996062
 80202.0 101.325 -0.00606166 -0.00606166
 91847.0 47.0309 -0.0035249 -0.0035249
 101508.0 21.8298 -0.00189572 -0.00189572
 110315.0 10.1325 -0.00091336 -0.00091336
 118964.0 4.70309 -0.000423944 -0.000423944
 128070.0 2.18298 -0.000177903 -0.000177903
 138532.0 1.01325 -6.94155e-05 -6.94155e-05
 151058.0 0.470309 -2.67829e-05 -2.67829e-05
 165940.0 0.218298 -1.0608e-05 -1.0608e-05
 183040.0 0.101325 -4.3761e-06 -4.3761e-06
 201792.0 0.0470309 -1.9037e-06 -1.9037e-06
 221276.0 0.0218298 -8.7528e-07 -8.7528e-07
 240880.0 0.0101325 -4.06269e-07 -4.06269e-07
 260510.0 0.00470309 -1.88573e-07 -1.88573e-07
 280167.0 0.00218298 -8.7528e-08 -8.7528e-08
 300000.0 0.0 0.0 0.0

temperatureCurve
 0.0 420.0 0.0 -0.0108512
 8294.0 330.0 -0.0108512 -0.0106772
 14850.0 260.0 -0.0106772 -0.011068
 20000.0 203.0 -0.011068 -0.00190602
 45708.0 154.0 -0.00190602 -0.00189075
 65277.0 117.0 -0.00189075 -0.00187605
 80202.0 89.0 -0.00187605 -0.00154573
 91847.0 71.0 -0.00154573 -0.00103509
 101508.0 61.0 -0.00103509 -0.000227092
 110315.0 59.0 -0.000227092 0.0
 118964.0 59.0 0.0 0.000658906
 128070.0 65.0 0.000658906 0.00114701
 138532.0 77.0 0.00114701 0.00127734
 151058.0 93.0 0.00127734 0.00107512
 165940.0 109.0 0.00107512 0.000818713
 183040.0 123.0 0.000818713 0.000426621
 201792.0 131.0 0.000426621 5.13242e-05
 221276.0 132.0 5.13242e-05 0.0
 280167.0 132.0 0.0 5.0421e-05
 300000.0 133.0 5.0421e-05 0.0