mass 2.7917907786541358e+23
radius 1000000.0
rotationPeriod 25200.0
navballSwitchAltitude 40000.0
atmosphere true
atmosphereMolarMass 0.02921
atmosphereLimit 50000.0

pressureCurve
 0.0 1013.25 0.0 -0.242969
 2354.0 569.792 -0.142206 -0.142206
 4608.0 320.418 -0.0838781 -0.0838781
 6751.0 180.184 -0.0497836 -0.0497836
 8778.0 101.325 -0.0296784 -0.0296784
 10696.0 56.9792 -0.0175944 -0.0175944
 12528.0 32.0418 -0.0102934 -0.0102934
 14299.0 18.0184 -0.0059553 -0.0059553
 16029.0 10.1325 -0.00341705 -0.00341705
 17742.0 5.69792 -0.00192143 -0.00192143
 19470.0 3.20418 -0.00106187 -0.00106187
 21231.0 1.80184 -0.000585678 -0.000585678
 23031.0 1.01325 -0.000321822 -0.000321822
 24877.0 0.569792 -0.000176141 -0.000176141
 26778.0 0.320418 -9.60169e-05 -9.60169e-05
 28744.0 0.180184 -5.21231e-05 -5.21231e-05
 30767.0 0.101325 -2.87105e-05 -2.87105e-05
 32790.0 0.0569792 -1.64802e-05 -1.64802e-05
 34743.0 0.0320418 -9.75634e-06 -9.75634e-06
 36601.0 0.0180184 -5.76378e-06 -5.76378e-06
 38371.0 0.0101325 -3.40115e-06 -3.40115e-06
 40061.0 0.00569792 -2.00102e-06 -2.00102e-06
 41681.0 0.00320418 -1.17131e-06 -1.17131e-06
 43241.0 0.00180184 -6.82898e-07 -6.82898e-07
 44747.0 0.00101325 -3.97282e-07 -3.97282e-07
 46207.0 0.000569792 -2.3032e-07 -2.3032e-07
 47626.0 0.000320418 -1.32873e-07 -1.32873e-07
 49014.0 0.000180184 -7.61667e-08 -7.61667e-08
 50000.0 0.0 0.0 0.0

temperatureCurve
 0.0 270.0 0.0 -0.00424809
 2354.0 260.0 -0.00424809 -0.00532387
 4608.0 248.0 -0.00532387 -0.00559963
 6751.0 236.0 -0.00559963 -0.00641342
 8778.0 223.0 -0.00641342 -0.00573514
 10696.0 212.0 -0.00573514 -0.00436681
 12528.0 204.0 -0.00436681 -0.00282326
 14299.0 199.0 -0.00282326 -0.00231214
 16029.0 195.0 -0.00231214 0.0
 17742.0 195.0 0.0 0.00173611
 19470.0 198.0 0.00173611 0.00170358
 21231.0 201.0 0.00170358 0.00277778
 23031.0 206.0 0.00277778 0.00270856
 24877.0 211.0 0.00270856 0.00315623
 26778.0 217.0 0.00315623 0.00406918
 28744.0 225.0 0.00406918 0.00247158
 30767.0 230.0 0.00247158 -0.00197726
 32790.0 226.0 -0.00197726 -0.00563236
 34743.0 215.0 -0.00563236 -0.00538213
 36601.0 205.0 -0.00538213 -0.00508475
 38371.0 196.0 -0.00508475 -0.00532544
 40061.0 187.0 -0.00532544 -0.00493827
 41681.0 179.0 -0.00493827 -0.00384615
 43241.0 173.0 -0.00384615 -0.00398406
 44747.0 167.0 -0.00398406 -0.00342466
 46207.0 162.0 -0.00342466 -0.00281889
 47626.0 158.0 -0.00281889 -0.00288184
 49014.0 154.0 -0.00288184 -0.0010142
 50000.0 153.0 -0.0010142 0.0